
s=0, d=1, r=5, numeral octal triangle:r= 0:  
r= 1:   0  
r= 2:   1   2  
r= 3:   3   4   5  
r= 4:   6   7  10  11  
r= 5:  12  13  14  15  16  

digits sum in octal:r= 0:  
r= 1:   0 ( 0)  
r= 2:   1 ( 1)   2 ( 1)  
r= 3:   3 ( 1)   4 ( 1)   5 ( 1)  
r= 4:   6 ( 1)   7 ( 1)   1 (-6)   2 ( 1)  
r= 5:   3 ( 1)   4 ( 1)   5 ( 1)   6 ( 1)   7 ( 1)  

digits sum in decimal:r= 0:  
r= 1:   0 (-7)  
r= 2:   1 ( 1)   2 ( 1)  
r= 3:   3 ( 1)   4 ( 1)   5 ( 1)  
r= 4:   6 ( 1)   7 ( 1)   1 (-6)   2 ( 1)  
r= 5:   3 ( 1)   4 ( 1)   5 ( 1)   6 ( 1)   7 ( 1)  

s_i - sum(digits):r= 0:  
r= 1:   0       
r= 2:   0        0       
r= 3:   0        0        0       
r= 4:   0        0        7 ( 7)   7       
r= 5:   7        7        7        7        7       

s=0, d=1, r=18, numeral octal triangle:r= 0:  
r= 1:    0  
r= 2:    1    2  
r= 3:    3    4    5  
r= 4:    6    7   10   11  
r= 5:   12   13   14   15   16  
r= 6:   17   20   21   22   23   24  
r= 7:   25   26   27   30   31   32   33  
r= 8:   34   35   36   37   40   41   42   43  
r= 9:   44   45   46   47   50   51   52   53   54  
r=10:   55   56   57   60   61   62   63   64   65   66  
r=11:   67   70   71   72   73   74   75   76   77  100  101  
r=12:  102  103  104  105  106  107  110  111  112  113  114  115  
r=13:  116  117  120  121  122  123  124  125  126  127  130  131  132  
r=14:  133  134  135  136  137  140  141  142  143  144  145  146  147  150  
r=15:  151  152  153  154  155  156  157  160  161  162  163  164  165  166  167  
r=16:  170  171  172  173  174  175  176  177  200  201  202  203  204  205  206  207  
r=17:  210  211  212  213  214  215  216  217  220  221  222  223  224  225  226  227  230  
r=18:  231  232  233  234  235  236  237  240  241  242  243  244  245  246  247  250  251  252  

digits sum in octal:r= 0:  
r= 1:    0 ( 0)  
r= 2:    1 ( 1)    2 ( 1)  
r= 3:    3 ( 1)    4 ( 1)    5 ( 1)  
r= 4:    6 ( 1)    7 ( 1)    1 (-6)    2 ( 1)  
r= 5:    3 ( 1)    4 ( 1)    5 ( 1)    6 ( 1)    7 ( 1)  
r= 6:   10 ( 1)    2 (-6)    3 ( 1)    4 ( 1)    5 ( 1)    6 ( 1)  
r= 7:    7 ( 1)   10 ( 1)   11 ( 1)    3 (-6)    4 ( 1)    5 ( 1)    6 ( 1)  
r= 8:    7 ( 1)   10 ( 1)   11 ( 1)   12 ( 1)    4 (-6)    5 ( 1)    6 ( 1)    7 ( 1)  
r= 9:   10 ( 1)   11 ( 1)   12 ( 1)   13 ( 1)    5 (-6)    6 ( 1)    7 ( 1)   10 ( 1)   11 ( 1)  
r=10:   12 ( 1)   13 ( 1)   14 ( 1)    6 (-6)    7 ( 1)   10 ( 1)   11 ( 1)   12 ( 1)   13 ( 1)   14 ( 1)  
r=11:   15 ( 1)    7 (-6)   10 ( 1)   11 ( 1)   12 ( 1)   13 ( 1)   14 ( 1)   15 ( 1)   16 ( 1)    1 (-13)    2 ( 1)  
r=12:    3 ( 1)    4 ( 1)    5 ( 1)    6 ( 1)    7 ( 1)   10 ( 1)    2 (-6)    3 ( 1)    4 ( 1)    5 ( 1)    6 ( 1)    7 ( 1)  
r=13:   10 ( 1)   11 ( 1)    3 (-6)    4 ( 1)    5 ( 1)    6 ( 1)    7 ( 1)   10 ( 1)   11 ( 1)   12 ( 1)    4 (-6)    5 ( 1)    6 ( 1)  
r=14:    7 ( 1)   10 ( 1)   11 ( 1)   12 ( 1)   13 ( 1)    5 (-6)    6 ( 1)    7 ( 1)   10 ( 1)   11 ( 1)   12 ( 1)   13 ( 1)   14 ( 1)    6 (-6)  
r=15:    7 ( 1)   10 ( 1)   11 ( 1)   12 ( 1)   13 ( 1)   14 ( 1)   15 ( 1)    7 (-6)   10 ( 1)   11 ( 1)   12 ( 1)   13 ( 1)   14 ( 1)   15 ( 1)   16 ( 1)  
r=16:   10 (-6)   11 ( 1)   12 ( 1)   13 ( 1)   14 ( 1)   15 ( 1)   16 ( 1)   17 ( 1)    2 (-13)    3 ( 1)    4 ( 1)    5 ( 1)    6 ( 1)    7 ( 1)   10 ( 1)   11 ( 1)  
r=17:    3 (-6)    4 ( 1)    5 ( 1)    6 ( 1)    7 ( 1)   10 ( 1)   11 ( 1)   12 ( 1)    4 (-6)    5 ( 1)    6 ( 1)    7 ( 1)   10 ( 1)   11 ( 1)   12 ( 1)   13 ( 1)    5 (-6)  
r=18:    6 ( 1)    7 ( 1)   10 ( 1)   11 ( 1)   12 ( 1)   13 ( 1)   14 ( 1)    6 (-6)    7 ( 1)   10 ( 1)   11 ( 1)   12 ( 1)   13 ( 1)   14 ( 1)   15 ( 1)    7 (-6)   10 ( 1)   11 ( 1)  

digits sum in decimal:r= 0:  
r= 1:    0 (-9)  
r= 2:    1 ( 1)    2 ( 1)  
r= 3:    3 ( 1)    4 ( 1)    5 ( 1)  
r= 4:    6 ( 1)    7 ( 1)    1 (-6)    2 ( 1)  
r= 5:    3 ( 1)    4 ( 1)    5 ( 1)    6 ( 1)    7 ( 1)  
r= 6:    8 ( 1)    2 (-6)    3 ( 1)    4 ( 1)    5 ( 1)    6 ( 1)  
r= 7:    7 ( 1)    8 ( 1)    9 ( 1)    3 (-6)    4 ( 1)    5 ( 1)    6 ( 1)  
r= 8:    7 ( 1)    8 ( 1)    9 ( 1)   10 ( 1)    4 (-6)    5 ( 1)    6 ( 1)    7 ( 1)  
r= 9:    8 ( 1)    9 ( 1)   10 ( 1)   11 ( 1)    5 (-6)    6 ( 1)    7 ( 1)    8 ( 1)    9 ( 1)  
r=10:   10 ( 1)   11 ( 1)   12 ( 1)    6 (-6)    7 ( 1)    8 ( 1)    9 ( 1)   10 ( 1)   11 ( 1)   12 ( 1)  
r=11:   13 ( 1)    7 (-6)    8 ( 1)    9 ( 1)   10 ( 1)   11 ( 1)   12 ( 1)   13 ( 1)   14 ( 1)    1 (-13)    2 ( 1)  
r=12:    3 ( 1)    4 ( 1)    5 ( 1)    6 ( 1)    7 ( 1)    8 ( 1)    2 (-6)    3 ( 1)    4 ( 1)    5 ( 1)    6 ( 1)    7 ( 1)  
r=13:    8 ( 1)    9 ( 1)    3 (-6)    4 ( 1)    5 ( 1)    6 ( 1)    7 ( 1)    8 ( 1)    9 ( 1)   10 ( 1)    4 (-6)    5 ( 1)    6 ( 1)  
r=14:    7 ( 1)    8 ( 1)    9 ( 1)   10 ( 1)   11 ( 1)    5 (-6)    6 ( 1)    7 ( 1)    8 ( 1)    9 ( 1)   10 ( 1)   11 ( 1)   12 ( 1)    6 (-6)  
r=15:    7 ( 1)    8 ( 1)    9 ( 1)   10 ( 1)   11 ( 1)   12 ( 1)   13 ( 1)    7 (-6)    8 ( 1)    9 ( 1)   10 ( 1)   11 ( 1)   12 ( 1)   13 ( 1)   14 ( 1)  
r=16:    8 (-6)    9 ( 1)   10 ( 1)   11 ( 1)   12 ( 1)   13 ( 1)   14 ( 1)   15 ( 1)    2 (-13)    3 ( 1)    4 ( 1)    5 ( 1)    6 ( 1)    7 ( 1)    8 ( 1)    9 ( 1)  
r=17:    3 (-6)    4 ( 1)    5 ( 1)    6 ( 1)    7 ( 1)    8 ( 1)    9 ( 1)   10 ( 1)    4 (-6)    5 ( 1)    6 ( 1)    7 ( 1)    8 ( 1)    9 ( 1)   10 ( 1)   11 ( 1)    5 (-6)  
r=18:    6 ( 1)    7 ( 1)    8 ( 1)    9 ( 1)   10 ( 1)   11 ( 1)   12 ( 1)    6 (-6)    7 ( 1)    8 ( 1)    9 ( 1)   10 ( 1)   11 ( 1)   12 ( 1)   13 ( 1)    7 (-6)    8 ( 1)    9 ( 1)  

s_i - sum(digits):r= 0:  
r= 1:    0       
r= 2:    0         0       
r= 3:    0         0         0       
r= 4:    0         0         7 ( 7)    7       
r= 5:    7         7         7         7         7       
r= 6:    7        14 ( 7)   14        14        14        14       
r= 7:   14        14        14        21 ( 7)   21        21        21       
r= 8:   21        21        21        21        28 ( 7)   28        28        28       
r= 9:   28        28        28        28        35 ( 7)   35        35        35        35       
r=10:   35        35        35        42 ( 7)   42        42        42        42        42        42       
r=11:   42        49 ( 7)   49        49        49        49        49        49        49        63 (14)   63       
r=12:   63        63        63        63        63        63        70 ( 7)   70        70        70        70        70       
r=13:   70        70        77 ( 7)   77        77        77        77        77        77        77        84 ( 7)   84        84       
r=14:   84        84        84        84        84        91 ( 7)   91        91        91        91        91        91        91        98 ( 7)  
r=15:   98        98        98        98        98        98        98       105 ( 7)  105       105       105       105       105       105       105       
r=16:  112 ( 7)  112       112       112       112       112       112       112       126 (14)  126       126       126       126       126       126       126       
r=17:  133 ( 7)  133       133       133       133       133       133       133       140 ( 7)  140       140       140       140       140       140       140       147 ( 7)  
r=18:  147       147       147       147       147       147       147       154 ( 7)  154       154       154       154       154       154       154       161 ( 7)  161       161       

s=0, d=2, r=12, numeral octal triangle:r= 0:  
r= 1:    0  
r= 2:    2    4  
r= 3:    6   10   12  
r= 4:   14   16   20   22  
r= 5:   24   26   30   32   34  
r= 6:   36   40   42   44   46   50  
r= 7:   52   54   56   60   62   64   66  
r= 8:   70   72   74   76  100  102  104  106  
r= 9:  110  112  114  116  120  122  124  126  130  
r=10:  132  134  136  140  142  144  146  150  152  154  
r=11:  156  160  162  164  166  170  172  174  176  200  202  
r=12:  204  206  210  212  214  216  220  222  224  226  230  232  

digits sum in octal:r= 0:  
r= 1:    0 ( 0)  
r= 2:    2 ( 2)    4 ( 2)  
r= 3:    6 ( 2)    1 (-5)    3 ( 2)  
r= 4:    5 ( 2)    7 ( 2)    2 (-5)    4 ( 2)  
r= 5:    6 ( 2)   10 ( 2)    3 (-5)    5 ( 2)    7 ( 2)  
r= 6:   11 ( 2)    4 (-5)    6 ( 2)   10 ( 2)   12 ( 2)    5 (-5)  
r= 7:    7 ( 2)   11 ( 2)   13 ( 2)    6 (-5)   10 ( 2)   12 ( 2)   14 ( 2)  
r= 8:    7 (-5)   11 ( 2)   13 ( 2)   15 ( 2)    1 (-12)    3 ( 2)    5 ( 2)    7 ( 2)  
r= 9:    2 (-5)    4 ( 2)    6 ( 2)   10 ( 2)    3 (-5)    5 ( 2)    7 ( 2)   11 ( 2)    4 (-5)  
r=10:    6 ( 2)   10 ( 2)   12 ( 2)    5 (-5)    7 ( 2)   11 ( 2)   13 ( 2)    6 (-5)   10 ( 2)   12 ( 2)  
r=11:   14 ( 2)    7 (-5)   11 ( 2)   13 ( 2)   15 ( 2)   10 (-5)   12 ( 2)   14 ( 2)   16 ( 2)    2 (-12)    4 ( 2)  
r=12:    6 ( 2)   10 ( 2)    3 (-5)    5 ( 2)    7 ( 2)   11 ( 2)    4 (-5)    6 ( 2)   10 ( 2)   12 ( 2)    5 (-5)    7 ( 2)  

digits sum in decimal:r= 0:  
r= 1:    0 (-7)  
r= 2:    2 ( 2)    4 ( 2)  
r= 3:    6 ( 2)    1 (-5)    3 ( 2)  
r= 4:    5 ( 2)    7 ( 2)    2 (-5)    4 ( 2)  
r= 5:    6 ( 2)    8 ( 2)    3 (-5)    5 ( 2)    7 ( 2)  
r= 6:    9 ( 2)    4 (-5)    6 ( 2)    8 ( 2)   10 ( 2)    5 (-5)  
r= 7:    7 ( 2)    9 ( 2)   11 ( 2)    6 (-5)    8 ( 2)   10 ( 2)   12 ( 2)  
r= 8:    7 (-5)    9 ( 2)   11 ( 2)   13 ( 2)    1 (-12)    3 ( 2)    5 ( 2)    7 ( 2)  
r= 9:    2 (-5)    4 ( 2)    6 ( 2)    8 ( 2)    3 (-5)    5 ( 2)    7 ( 2)    9 ( 2)    4 (-5)  
r=10:    6 ( 2)    8 ( 2)   10 ( 2)    5 (-5)    7 ( 2)    9 ( 2)   11 ( 2)    6 (-5)    8 ( 2)   10 ( 2)  
r=11:   12 ( 2)    7 (-5)    9 ( 2)   11 ( 2)   13 ( 2)    8 (-5)   10 ( 2)   12 ( 2)   14 ( 2)    2 (-12)    4 ( 2)  
r=12:    6 ( 2)    8 ( 2)    3 (-5)    5 ( 2)    7 ( 2)    9 ( 2)    4 (-5)    6 ( 2)    8 ( 2)   10 ( 2)    5 (-5)    7 ( 2)  

s_i - sum(digits):r= 0:  
r= 1:    0       
r= 2:    0         0       
r= 3:    0         7 ( 7)    7       
r= 4:    7         7        14 ( 7)   14       
r= 5:   14        14        21 ( 7)   21        21       
r= 6:   21        28 ( 7)   28        28        28        35 ( 7)  
r= 7:   35        35        35        42 ( 7)   42        42        42       
r= 8:   49 ( 7)   49        49        49        63 (14)   63        63        63       
r= 9:   70 ( 7)   70        70        70        77 ( 7)   77        77        77        84 ( 7)  
r=10:   84        84        84        91 ( 7)   91        91        91        98 ( 7)   98        98       
r=11:   98       105 ( 7)  105       105       105       112 ( 7)  112       112       112       126 (14)  126       
r=12:  126       126       133 ( 7)  133       133       133       140 ( 7)  140       140       140       147 ( 7)  147       

s=0, d=3, r=12, numeral octal triangle:r= 0:  
r= 1:    0  
r= 2:    3    6  
r= 3:   11   14   17  
r= 4:   22   25   30   33  
r= 5:   36   41   44   47   52  
r= 6:   55   60   63   66   71   74  
r= 7:   77  102  105  110  113  116  121  
r= 8:  124  127  132  135  140  143  146  151  
r= 9:  154  157  162  165  170  173  176  201  204  
r=10:  207  212  215  220  223  226  231  234  237  242  
r=11:  245  250  253  256  261  264  267  272  275  300  303  
r=12:  306  311  314  317  322  325  330  333  336  341  344  347  

digits sum in octal:r= 0:  
r= 1:    0 ( 0)  
r= 2:    3 ( 3)    6 ( 3)  
r= 3:    2 (-4)    5 ( 3)   10 ( 3)  
r= 4:    4 (-4)    7 ( 3)    3 (-4)    6 ( 3)  
r= 5:   11 ( 3)    5 (-4)   10 ( 3)   13 ( 3)    7 (-4)  
r= 6:   12 ( 3)    6 (-4)   11 ( 3)   14 ( 3)   10 (-4)   13 ( 3)  
r= 7:   16 ( 3)    3 (-11)    6 ( 3)    2 (-4)    5 ( 3)   10 ( 3)    4 (-4)  
r= 8:    7 ( 3)   12 ( 3)    6 (-4)   11 ( 3)    5 (-4)   10 ( 3)   13 ( 3)    7 (-4)  
r= 9:   12 ( 3)   15 ( 3)   11 (-4)   14 ( 3)   10 (-4)   13 ( 3)   16 ( 3)    3 (-11)    6 ( 3)  
r=10:   11 ( 3)    5 (-4)   10 ( 3)    4 (-4)    7 ( 3)   12 ( 3)    6 (-4)   11 ( 3)   14 ( 3)   10 (-4)  
r=11:   13 ( 3)    7 (-4)   12 ( 3)   15 ( 3)   11 (-4)   14 ( 3)   17 ( 3)   13 (-4)   16 ( 3)    3 (-11)    6 ( 3)  
r=12:   11 ( 3)    5 (-4)   10 ( 3)   13 ( 3)    7 (-4)   12 ( 3)    6 (-4)   11 ( 3)   14 ( 3)   10 (-4)   13 ( 3)   16 ( 3)  

digits sum in decimal:r= 0:  
r= 1:    0 (-14)  
r= 2:    3 ( 3)    6 ( 3)  
r= 3:    2 (-4)    5 ( 3)    8 ( 3)  
r= 4:    4 (-4)    7 ( 3)    3 (-4)    6 ( 3)  
r= 5:    9 ( 3)    5 (-4)    8 ( 3)   11 ( 3)    7 (-4)  
r= 6:   10 ( 3)    6 (-4)    9 ( 3)   12 ( 3)    8 (-4)   11 ( 3)  
r= 7:   14 ( 3)    3 (-11)    6 ( 3)    2 (-4)    5 ( 3)    8 ( 3)    4 (-4)  
r= 8:    7 ( 3)   10 ( 3)    6 (-4)    9 ( 3)    5 (-4)    8 ( 3)   11 ( 3)    7 (-4)  
r= 9:   10 ( 3)   13 ( 3)    9 (-4)   12 ( 3)    8 (-4)   11 ( 3)   14 ( 3)    3 (-11)    6 ( 3)  
r=10:    9 ( 3)    5 (-4)    8 ( 3)    4 (-4)    7 ( 3)   10 ( 3)    6 (-4)    9 ( 3)   12 ( 3)    8 (-4)  
r=11:   11 ( 3)    7 (-4)   10 ( 3)   13 ( 3)    9 (-4)   12 ( 3)   15 ( 3)   11 (-4)   14 ( 3)    3 (-11)    6 ( 3)  
r=12:    9 ( 3)    5 (-4)    8 ( 3)   11 ( 3)    7 (-4)   10 ( 3)    6 (-4)    9 ( 3)   12 ( 3)    8 (-4)   11 ( 3)   14 ( 3)  

s_i - sum(digits):r= 0:  
r= 1:    0       
r= 2:    0         0       
r= 3:    7 ( 7)    7         7       
r= 4:   14 ( 7)   14        21 ( 7)   21       
r= 5:   21        28 ( 7)   28        28        35 ( 7)  
r= 6:   35        42 ( 7)   42        42        49 ( 7)   49       
r= 7:   49        63 (14)   63        70 ( 7)   70        70        77 ( 7)  
r= 8:   77        77        84 ( 7)   84        91 ( 7)   91        91        98 ( 7)  
r= 9:   98        98       105 ( 7)  105       112 ( 7)  112       112       126 (14)  126       
r=10:  126       133 ( 7)  133       140 ( 7)  140       140       147 ( 7)  147       147       154 ( 7)  
r=11:  154       161 ( 7)  161       161       168 ( 7)  168       168       175 ( 7)  175       189 (14)  189       
r=12:  189       196 ( 7)  196       196       203 ( 7)  203       210 ( 7)  210       210       217 ( 7)  217       217       
